-4.823097586631774902e-02
2.107465080916881561e-02
-4.985269904136657715e-02
-4.277926683425903320e-02
-6.322657316923141479e-02
-6.940437108278274536e-02
-1.319860853254795074e-02
-1.279427111148834229e-01
-1.616399176418781281e-02
-1.267864257097244263e-01
-5.294889956712722778e-02
-5.566521361470222473e-02
-1.510478109121322632e-01
-5.382510274648666382e-02
-6.456259638071060181e-03
-1.136313825845718384e-01
-2.806148678064346313e-02
-3.479211032390594482e-02
-3.361317515373229980e-02
2.545049414038658142e-02
-6.857642531394958496e-02
1.031686784699559212e-03
-1.011402159929275513e-01
-7.046733796596527100e-02
-6.789642386138439178e-03
-1.211832929402589798e-02
-6.605038046836853027e-02
-3.688274696469306946e-02
-1.002562195062637329e-01
-1.072232946753501892e-01
-1.111206486821174622e-01
-4.780051484704017639e-02
-4.364343732595443726e-02
3.604880347847938538e-02
-8.084174245595932007e-02
-9.746582061052322388e-02
9.524757973849773407e-03
-1.078057065606117249e-01
-7.564508914947509766e-02
-4.564187303185462952e-02
-2.625007927417755127e-02
-7.174479216337203979e-02
-9.513056278228759766e-02
-4.517231136560440063e-02
-1.110062375664710999e-02
-1.239971444010734558e-01
-2.375759184360504150e-02
-5.682524759322404861e-03
-4.839069023728370667e-02
-6.732014566659927368e-02
-3.037111274898052216e-02
-1.096193343400955200e-01
-8.499965816736221313e-02
-7.924599573016166687e-03
-6.059513613581657410e-02
-1.058778166770935059e-01
-1.040323451161384583e-01
3.454575315117835999e-02
3.733010962605476379e-02
-9.613870084285736084e-02
-6.418703496456146240e-02
-1.562247332185506821e-02
-1.598699837923049927e-01
-8.891418576240539551e-02
-7.467000186443328857e-02
-9.042996168136596680e-02
-1.591878533363342285e-01
3.378415247425436974e-03
-1.483993977308273315e-01
-1.137636974453926086e-01
-9.803910553455352783e-02
-9.809377789497375488e-02
-7.732163369655609131e-02
1.958763226866722107e-03
-3.300001844763755798e-02
-3.353981673717498779e-02
-1.228061914443969727e-01
-1.513972282409667969e-01
-1.712295413017272949e-01
2.862628549337387085e-02
-1.415481418371200562e-01
-1.033079102635383606e-01
2.452019043266773224e-02
-8.479747176170349121e-02
-8.370826952159404755e-03
-1.252732276916503906e-01
-4.626820608973503113e-02
-2.120617963373661041e-02
-6.713622249662876129e-03
-1.179055422544479370e-01
-4.798167571425437927e-02
-4.777019098401069641e-02
-5.794268101453781128e-02
1.900757476687431335e-02
3.207407891750335693e-02
-1.148763895034790039e-01
-4.981531575322151184e-02
-1.002078875899314880e-02
2.062922343611717224e-02
3.212347254157066345e-02
-5.127132311463356018e-02
-1.972012594342231750e-02
-3.658197354525327682e-03
-1.610762327909469604e-01
-1.135587878525257111e-02
-7.476226240396499634e-02
-4.493653401732444763e-02
-2.313290722668170929e-03
-5.033304542303085327e-02
1.842735521495342255e-02
-6.472481787204742432e-02
-9.328576177358627319e-02
-2.699219994246959686e-02
-7.946400903165340424e-03
-4.877586662769317627e-02
-2.266402356326580048e-02
-1.207732111215591431e-01
-3.220829740166664124e-02
-3.116315789520740509e-02
-2.364842407405376434e-02
-1.205579340457916260e-01
2.407320588827133179e-02
-2.403491437435150146e-01
-5.925694014877080917e-03
-1.446820646524429321e-01
9.895590133965015411e-03
-8.255111426115036011e-02
-1.610743231140077114e-03
-7.905130833387374878e-02
-1.197069808840751648e-01
-2.599865756928920746e-02
-1.771609485149383545e-02
-4.814094305038452148e-02
1.679345779120922089e-02
-3.034237027168273926e-02
-8.449305593967437744e-02
-7.260451093316078186e-03
1.753024570643901825e-02
-1.811668509617447853e-03
-3.337203338742256165e-02
-9.743629954755306244e-03
-2.717083692550659180e-02
5.931588821113109589e-03
-1.696773804724216461e-02
5.803394690155982971e-02
-1.608446426689624786e-02
-3.976554423570632935e-02
-6.855360418558120728e-02
-9.765795618295669556e-02
-5.043008364737033844e-03
1.365743018686771393e-02
-4.838965367525815964e-03
-6.298839300870895386e-02
-4.578315466642379761e-02
-8.329445868730545044e-02
-4.312463477253913879e-02
4.551293328404426575e-02
-1.453304737806320190e-01
-7.559163868427276611e-02
-9.381459653377532959e-02
-3.391715139150619507e-02
-4.263883456587791443e-02
1.434624195098876953e-02
-1.622545570135116577e-01
1.120132207870483398e-02
-4.038409516215324402e-02
-3.688258305191993713e-02
-2.877261862158775330e-02
-1.071791201829910278e-01
-1.833618879318237305e-01
-5.485376343131065369e-02
-6.456467509269714355e-02
-3.084091469645500183e-02
-7.636781781911849976e-02
-2.662440575659275055e-02
-2.724177436903119087e-03
2.444139309227466583e-02
-2.652841992676258087e-02
2.219108305871486664e-02
-1.027183830738067627e-01
1.104295160621404648e-02
-4.288869723677635193e-02
-7.504820823669433594e-03
-1.848354935646057129e-02
4.197597503662109375e-02
-5.779586359858512878e-02
-8.718802034854888916e-02
-7.994166016578674316e-02
-2.008159458637237549e-01
-1.033801510930061340e-01
2.701967768371105194e-02
-7.564118504524230957e-02
-1.668173586949706078e-03
-5.385704338550567627e-02
-1.109370887279510498e-01
-7.123478502035140991e-02
-1.791103184223175049e-01
-3.079326637089252472e-02
-1.053493320941925049e-01
-1.043942719697952271e-01
-1.480698585510253906e-01
-8.323545753955841064e-02
-2.670576237142086029e-02
-8.228483796119689941e-02
-2.673667967319488525e-01
-2.188412100076675415e-02
-3.754487261176109314e-02
-5.368506163358688354e-02
-1.001943349838256836e-01
6.074549257755279541e-02
-1.041501387953758240e-01
-3.897786838933825493e-03
-5.189622938632965088e-02
-1.059204246848821640e-02
-5.727604776620864868e-02
-4.522285610437393188e-02
-7.780985534191131592e-02
-1.281834244728088379e-01
1.654844358563423157e-02
-1.994397863745689392e-02
-9.664633311331272125e-03
-6.623800098896026611e-02
-1.220651939511299133e-01
-1.187319532036781311e-01
-3.715985268354415894e-02
-1.024156585335731506e-01
8.593273349106311798e-03
-5.774494633078575134e-02
-6.569274514913558960e-02
-2.745706774294376373e-02
-8.297922462224960327e-02
-1.128126233816146851e-01
-6.379105895757675171e-02
-4.763214662671089172e-02
-6.994755566120147705e-02
-1.089217886328697205e-01
-5.574322491884231567e-02
-6.971336156129837036e-02
-4.624033346772193909e-02
-9.834551811218261719e-02
-4.716709256172180176e-02
-3.772200644016265869e-02
3.547212854027748108e-02
-9.510539472103118896e-02
-3.298869356513023376e-02
2.557232603430747986e-02
-1.341218873858451843e-02
-2.262207493185997009e-02
-1.292226836085319519e-02
-1.486705839633941650e-01
-8.589488267898559570e-02
-2.210232615470886230e-02
-5.055479332804679871e-02
-8.592347055673599243e-02
-1.272581666707992554e-01
4.644596204161643982e-02
