-6.698600947856903076e-02
1.157898977398872375e-01
-1.645120531320571899e-01
-5.252985283732414246e-02
-1.684934198856353760e-01
-8.901033550500869751e-02
-9.615216404199600220e-03
-1.270705163478851318e-01
2.461681514978408813e-02
-7.285805046558380127e-02
2.611831203103065491e-02
-6.732308864593505859e-02
-5.869807675480842590e-02
-5.401300638914108276e-02
3.886023536324501038e-02
-6.496338546276092529e-02
-7.511431723833084106e-02
-7.330839335918426514e-02
-3.045563772320747375e-02
-9.622322022914886475e-02
4.106716439127922058e-02
-2.294088527560234070e-02
-1.214980408549308777e-01
-5.117122456431388855e-02
-1.116455271840095520e-01
-1.255412697792053223e-01
1.425937656313180923e-02
-1.646296828985214233e-01
-4.694318771362304688e-02
-5.315498262643814087e-02
-1.970941126346588135e-01
-2.414966188371181488e-02
7.824498228728771210e-03
6.428463850170373917e-03
1.231037601828575134e-01
-2.122729718685150146e-01
5.108952149748802185e-02
1.422405093908309937e-01
-1.089510619640350342e-01
-2.025880515575408936e-01
-7.367663085460662842e-02
-1.833769232034683228e-01
-3.292274102568626404e-02
-6.258770823478698730e-02
-7.236426323652267456e-02
-1.447110716253519058e-02
-2.177546918392181396e-02
-7.436094433069229126e-02
-8.121705055236816406e-02
-6.149118766188621521e-03
-8.904083818197250366e-02
-9.206602722406387329e-02
-1.515997946262359619e-01
-1.623785197734832764e-01
-1.195487193763256073e-02
-6.872126460075378418e-02
-1.747723370790481567e-01
-3.351592645049095154e-02
-1.532483696937561035e-01
-9.143777191638946533e-02
-3.680397942662239075e-02
1.173049677163362503e-03
-2.268167287111282349e-01
-4.161419346928596497e-02
-1.003962010145187378e-01
-6.470889598131179810e-02
6.184504181146621704e-02
-4.305513575673103333e-02
6.827793270349502563e-02
-8.296921849250793457e-02
-6.497777998447418213e-02
-7.475358247756958008e-02
-5.217264965176582336e-02
-8.326426893472671509e-02
-3.613863885402679443e-02
-6.484436243772506714e-02
-2.348188757896423340e-01
2.805393934249877930e-02
-1.091108396649360657e-01
-8.131439983844757080e-02
-8.117956668138504028e-02
-1.096524819731712341e-01
1.413018349558115005e-02
-3.650235757231712341e-02
-7.843429595232009888e-02
-9.343100339174270630e-02
-1.328238695859909058e-01
-8.019009977579116821e-02
-7.734680175781250000e-02
-1.316080689430236816e-01
-2.270146608352661133e-01
1.657332666218280792e-02
-2.049832195043563843e-01
-7.411815971136093140e-02
-4.310727491974830627e-02
-1.054467037320137024e-01
-1.986349523067474365e-01
-1.194567009806632996e-01
4.420948028564453125e-02
-1.327821165323257446e-01
3.721649525687098503e-03
-3.555751144886016846e-01
-1.237239912152290344e-01
-1.131586357951164246e-01
-2.006543241441249847e-02
-1.722871363162994385e-01
-5.083606019616127014e-02
2.283476106822490692e-02
-8.917421847581863403e-02
-6.901749223470687866e-02
3.982703760266304016e-02
-1.208577156066894531e-01
-1.470176875591278076e-01
-4.231609404087066650e-02
-1.157474368810653687e-01
-5.103760212659835815e-02
-2.048761099576950073e-01
-8.117809146642684937e-02
-6.691811978816986084e-02
-1.156680472195148468e-02
-1.510674208402633667e-01
1.024233922362327576e-01
-2.358425036072731018e-02
-1.407012343406677246e-01
-1.288734227418899536e-01
-9.552083164453506470e-02
4.303834866732358932e-03
-6.292778253555297852e-02
-8.914321660995483398e-02
-1.885861903429031372e-01
-5.383666604757308960e-02
5.193250253796577454e-03
-3.784096613526344299e-02
-6.566302478313446045e-02
-2.075361460447311401e-02
-4.339173808693885803e-02
-2.003611437976360321e-02
-3.327947482466697693e-02
8.963194559328258038e-04
-1.501590106636285782e-02
-3.788181021809577942e-02
-1.225079223513603210e-01
-7.990841567516326904e-02
-1.570047736167907715e-01
-9.832157194614410400e-02
-1.638818681240081787e-01
-1.246748417615890503e-01
-7.773024588823318481e-02
-1.696596890687942505e-01
-9.001176059246063232e-02
-1.597492843866348267e-01
-2.538561522960662842e-01
-5.436168517917394638e-03
-6.750477105379104614e-02
-5.421370640397071838e-02
-3.285945951938629150e-01
1.876819296739995480e-03
-4.459300264716148376e-02
-3.665742650628089905e-02
9.006134420633316040e-02
-1.368495076894760132e-01
-1.576953828334808350e-01
-1.708019375801086426e-01
-1.810904964804649353e-02
-2.654837444424629211e-02
6.291500758379697800e-03
-1.334884762763977051e-01
-2.709213458001613617e-02
-9.952069818973541260e-02
-1.104346439242362976e-01
-7.757079601287841797e-02
-4.587007686495780945e-02
2.744633890688419342e-02
-1.924128383398056030e-01
3.971488401293754578e-02
-9.874416887760162354e-02
-1.428728252649307251e-01
-7.183278352022171021e-02
-7.837415486574172974e-02
-8.333741873502731323e-02
-1.072102040052413940e-01
-1.003492102026939392e-01
-4.306918382644653320e-02
-1.210741773247718811e-01
-7.963737100362777710e-02
-3.926234319806098938e-02
-1.147894114255905151e-01
-1.060429662466049194e-01
-9.805049002170562744e-02
-1.403823792934417725e-01
3.452859818935394287e-02
-9.739101678133010864e-02
-6.221507117152214050e-02
-8.903373032808303833e-02
-2.360235434025526047e-03
-2.610089257359504700e-02
-1.759474873542785645e-01
-1.182061899453401566e-02
3.043228760361671448e-03
-3.655871376395225525e-02
-7.863341271877288818e-02
-1.390966176986694336e-01
4.250964522361755371e-02
-9.547510743141174316e-02
-1.277938038110733032e-01
-3.203263878822326660e-02
6.873477250337600708e-02
2.529440075159072876e-02
-1.708514690399169922e-01
-2.055282518267631531e-02
1.693025603890419006e-02
-1.052867248654365540e-01
-2.964156866073608398e-02
6.198469549417495728e-02
-9.425388649106025696e-03
1.048160344362258911e-01
-6.583470106124877930e-02
-7.943291962146759033e-02
-5.868590995669364929e-02
-7.746338099241256714e-02
1.635459996759891510e-02
-2.735689841210842133e-02
-1.138572469353675842e-01
-1.275839060544967651e-01
-2.060782611370086670e-01
-9.953001514077186584e-03
-5.327739194035530090e-02
-8.930594474077224731e-02
4.880171909462660551e-04
-7.256237417459487915e-02
3.373717516660690308e-02
-7.637593895196914673e-02
2.996611595153808594e-02
-1.110812574625015259e-01
-2.807497419416904449e-02
1.791601418517529964e-03
-4.577200859785079956e-02
-1.352358162403106689e-01
-2.087394893169403076e-02
-2.319476902484893799e-01
-4.538930580019950867e-02
-9.888226538896560669e-02
-1.470362991094589233e-01
-8.469251543283462524e-02
-4.158899188041687012e-02
-1.462241560220718384e-01
2.631579712033271790e-02
-7.735275477170944214e-02
-1.917710304260253906e-01
-1.400837302207946777e-01
-1.010875403881072998e-01
-7.370079308748245239e-02
-3.635342419147491455e-02
5.282866582274436951e-02
-1.147693954408168793e-02
8.354578912258148193e-02
