[[-4.9673676e-02  1.2371302e-01 -1.0424883e-01 ... -6.9214627e-02
   1.3759913e-01 -1.4036009e-01]
 [ 2.5580967e-02  6.1292075e-02  5.5103939e-02 ...  6.4616211e-02
   1.0292657e-02 -1.1813391e-02]
 [ 4.6730801e-02 -3.7769087e-02 -2.3499517e-02 ... -6.7514241e-02
   2.4566274e-02 -1.2170923e-01]
 ...
 [-5.8711331e-02  1.0765748e-03 -1.3520995e-01 ...  2.5851494e-02
  -1.1572621e-02 -7.4209392e-02]
 [ 6.4362180e-03  1.2804015e-04 -3.8132761e-03 ... -7.4740127e-02
   3.4052946e-02  1.1034136e-01]
 [ 6.9107570e-02  1.0642190e-01  7.7850312e-02 ... -2.8078001e-02
   3.0980764e-02  4.4778589e-02]]