-1.331879943609237671e-01
-4.983862861990928650e-02
-6.526333093643188477e-02
-6.486458331346511841e-02
-4.484358802437782288e-02
-5.252126231789588928e-02
-2.966398373246192932e-02
-1.107442155480384827e-01
-3.562004864215850830e-02
-6.514167785644531250e-02
-1.677987128496170044e-01
-1.073637157678604126e-01
2.741840109229087830e-02
-2.041767835617065430e-01
-1.482154875993728638e-01
-1.651504933834075928e-01
-9.186652302742004395e-02
-2.447973378002643585e-02
-1.065836548805236816e-01
-1.090704500675201416e-01
-6.181608885526657104e-02
-5.933262780308723450e-02
-5.238258466124534607e-02
-1.190392896533012390e-01
9.314357303082942963e-03
-6.548722833395004272e-02
-5.422893539071083069e-02
-8.521478623151779175e-02
-2.786458842456340790e-02
-1.649942398071289062e-01
-1.582270860671997070e-01
3.440327569842338562e-02
-1.693926006555557251e-02
-3.355667740106582642e-02
2.340701874345541000e-03
-6.950166821479797363e-02
-1.113125681877136230e-02
-4.325116425752639771e-02
-5.157005041837692261e-02
-7.183196395635604858e-02
-1.914530098438262939e-01
-1.021234020590782166e-01
-5.179229192435741425e-03
-7.719728350639343262e-02
-1.984099000692367554e-01
2.622786164283752441e-02
-1.387161761522293091e-01
-1.518564647994935513e-03
-1.949123106896877289e-02
-1.953033208847045898e-01
1.917251944541931152e-02
-3.886213153600692749e-02
-7.123393565416336060e-02
-9.547711163759231567e-02
-1.126144826412200928e-01
-1.511871665716171265e-01
-1.061201244592666626e-01
-1.186020299792289734e-01
-1.250348091125488281e-01
-2.515258826315402985e-02
-4.859219491481781006e-02
-9.035076946020126343e-02
-2.191816270351409912e-02
-9.218127280473709106e-02
-1.518464535474777222e-01
-4.802581667900085449e-02
-1.126352772116661072e-01
-9.480334073305130005e-02
-9.689693897962570190e-02
-1.582947522401809692e-01
-1.936060041189193726e-01
-1.562124583870172501e-02
1.056077983230352402e-02
-1.826785877346992493e-02
-1.607844680547714233e-01
-1.588947623968124390e-01
-5.574442073702812195e-02
-1.893844902515411377e-01
-1.800717264413833618e-01
-1.322733759880065918e-01
-7.369952648878097534e-02
-1.665789633989334106e-01
-5.493659153580665588e-02
1.195569057017564774e-02
-8.535598963499069214e-02
-1.012154817581176758e-01
-2.073882520198822021e-01
1.958995312452316284e-02
-1.094971522688865662e-01
-3.533302992582321167e-02
-7.548670470714569092e-02
-4.423881694674491882e-02
-4.445045068860054016e-02
-9.583034366369247437e-02
-1.295368671417236328e-01
-1.681820750236511230e-01
-1.055263634771108627e-02
-1.142277121543884277e-01
1.879434287548065186e-02
-5.972158536314964294e-02
-1.508339047431945801e-01
-1.304955184459686279e-01
-1.883412003517150879e-01
-2.335006371140480042e-02
-4.054573830217123032e-03
-2.266449481248855591e-02
-5.888409540057182312e-02
5.401628091931343079e-03
-6.621865928173065186e-02
-1.229113042354583740e-01
-6.225936487317085266e-02
-4.217985272407531738e-02
-1.442229300737380981e-01
-7.039638608694076538e-02
-1.189121380448341370e-01
-1.089596003293991089e-01
6.765569746494293213e-02
-1.096890121698379517e-01
-1.380811035633087158e-01
-1.258014738559722900e-01
-7.450997829437255859e-02
-1.258654892444610596e-01
-1.186373084783554077e-01
4.416165128350257874e-02
-4.708499461412429810e-02
-1.742106378078460693e-01
-4.204363375902175903e-02
-1.212868988513946533e-01
