-9.846769273281097412e-02
-2.021428663283586502e-03
-8.094139397144317627e-02
-9.895093739032745361e-02
-2.358814179897308350e-01
-6.891780346632003784e-02
-1.868103742599487305e-01
-9.382606297731399536e-02
7.449389249086380005e-02
-1.039484366774559021e-01
-1.511726528406143188e-01
-5.855057761073112488e-02
-9.082544595003128052e-02
-1.272708177566528320e-01
2.375749871134757996e-02
-8.118871599435806274e-02
-9.711503982543945312e-02
-1.008240282535552979e-01
-2.079504579305648804e-01
-4.141281917691230774e-02
-1.086351275444030762e-01
-1.395972222089767456e-01
-3.693423420190811157e-02
8.124331384897232056e-02
-1.263131201267242432e-01
-6.668769568204879761e-02
-3.494089096784591675e-02
-1.125556081533432007e-01
-3.391220793128013611e-02
-1.654345244169235229e-01
1.005952898412942886e-02
-7.770725060254335403e-03
-1.768793612718582153e-01
-7.596507668495178223e-02
1.253593526780605316e-02
-1.662737876176834106e-01
-8.106946200132369995e-02
-3.275937214493751526e-02
-5.447025597095489502e-02
3.698336705565452576e-02
-6.194189190864562988e-02
-1.617109626531600952e-01
-1.134332194924354553e-01
-1.472671627998352051e-01
-2.242387458682060242e-02
-1.445392817258834839e-01
-1.788626313209533691e-01
-2.808579206466674805e-01
-2.738741971552371979e-02
-1.920838952064514160e-01
-4.217784851789474487e-02
-1.104200482368469238e-01
-6.948722153902053833e-02
-9.463623166084289551e-02
-1.408416181802749634e-01
-1.251487880945205688e-01
-8.146551251411437988e-02
-1.041414588689804077e-01
-6.541659682989120483e-02
-1.678324192762374878e-01
-3.233372420072555542e-02
-3.341863155364990234e-01
-6.921850144863128662e-02
-1.062389984726905823e-01
-2.419081032276153564e-01
-1.327470391988754272e-01
-6.881384551525115967e-02
-8.902920782566070557e-02
8.720288984477519989e-03
-5.762166157364845276e-02
-1.148647442460060120e-01
-5.985805019736289978e-02
-1.205149814486503601e-01
-1.780413687229156494e-01
-1.895368844270706177e-02
-2.121540606021881104e-01
-4.867823794484138489e-03
-6.470671296119689941e-02
-1.494130399078130722e-02
-2.325330376625061035e-01
-1.264076866209506989e-02
-5.283448472619056702e-02
-7.329191267490386963e-02
4.946452379226684570e-02
-1.118458285927772522e-01
-1.630120724439620972e-01
-9.413892775774002075e-02
-6.757513433694839478e-02
-9.234249591827392578e-04
-9.475085139274597168e-02
-1.025798395276069641e-01
-7.729007303714752197e-02
-6.542574614286422729e-02
-1.418781001120805740e-02
-4.096474125981330872e-02
-1.096579805016517639e-01
-3.606395050883293152e-02
-9.519748389720916748e-02
7.500445842742919922e-02
-9.713532775640487671e-02
-2.129706740379333496e-01
-1.206169724464416504e-01
-7.257068902254104614e-02
-1.462429016828536987e-01
-1.180303096771240234e-01
-1.373750865459442139e-01
-1.523745954036712646e-01
-1.142089217901229858e-01
-2.591774240136146545e-02
-1.321128755807876587e-01
-9.735777974128723145e-02
-5.651714652776718140e-02
-3.108050525188446045e-01
-3.434728458523750305e-02
-1.369712054729461670e-01
-1.286936551332473755e-01
-3.447676822543144226e-02
-2.152336984872817993e-01
-8.238463103771209717e-02
-1.458358485251665115e-02
-1.938356608152389526e-01
-2.514248788356781006e-01
-1.048393025994300842e-01
-1.201184187084436417e-02
-7.311379909515380859e-02
-1.308396272361278534e-02
6.619906052947044373e-03
-2.728519141674041748e-01
-1.845698654651641846e-01
-2.156793028116226196e-01
-9.157666563987731934e-02
-4.525458812713623047e-02
5.868619307875633240e-03
-9.008038043975830078e-02
-5.141057446599006653e-02
-3.887958079576492310e-02
-1.137803643941879272e-01
-2.305354550480842590e-02
-2.929250895977020264e-01
-1.583271175622940063e-01
-2.300163358449935913e-01
-1.585895717144012451e-01
-1.144320443272590637e-01
-9.020511806011199951e-02
-1.382373720407485962e-01
-9.574960917234420776e-02
1.076424773782491684e-02
-8.863737806677818298e-03
-1.638709157705307007e-01
-1.452321857213973999e-01
-8.977488428354263306e-02
-4.263241589069366455e-02
-1.152220889925956726e-01
-1.577593982219696045e-01
4.192956537008285522e-02
-1.187368184328079224e-01
-8.357476443052291870e-02
2.759776450693607330e-02
-9.320305287837982178e-02
-6.107203289866447449e-02
-5.460110679268836975e-02
-1.388054341077804565e-01
-1.214178204536437988e-01
-1.339834481477737427e-01
-1.693383157253265381e-01
-1.181595697999000549e-01
-6.040065735578536987e-02
-1.173798888921737671e-01
2.079503796994686127e-02
-1.015744507312774658e-01
-1.379944384098052979e-01
-2.323565036058425903e-01
2.103631757199764252e-02
-1.489511728286743164e-01
-7.433040440082550049e-02
-1.285488158464431763e-01
-5.389816313982009888e-02
-4.031693041324615479e-01
-2.586725167930126190e-02
-1.152580529451370239e-01
-7.842756807804107666e-02
6.373114138841629028e-02
-1.947117969393730164e-02
-1.971942484378814697e-01
2.528700511902570724e-03
-1.040056422352790833e-01
-2.113384157419204712e-01
-2.175032198429107666e-01
-1.468379050493240356e-01
-1.112725660204887390e-01
-7.586177438497543335e-02
-3.299222327768802643e-03
-1.274116784334182739e-01
-1.520435363054275513e-01
-5.832595378160476685e-02
-1.306651532649993896e-01
1.606256961822509766e-01
-8.254424482583999634e-02
-7.471919804811477661e-02
-3.212381899356842041e-02
-8.973854780197143555e-02
1.977674849331378937e-02
-1.307950764894485474e-01
-2.278179526329040527e-01
3.895056620240211487e-02
-6.208405271172523499e-02
-4.407744109630584717e-02
-1.171550452709197998e-01
-7.010905444622039795e-02
-7.725865393877029419e-02
-7.234776020050048828e-02
2.440827898681163788e-02
-7.870679348707199097e-02
-2.746287174522876740e-02
-1.148058921098709106e-01
-3.318928182125091553e-02
-7.003678381443023682e-02
-7.937142997980117798e-02
-1.033238098025321960e-01
-1.063626259565353394e-01
-1.219788640737533569e-01
-5.229448527097702026e-02
-1.001433879137039185e-01
-1.914661377668380737e-01
-1.630824431777000427e-02
-1.516395714133977890e-02
-3.310995921492576599e-02
-5.823091417551040649e-02
-1.831920892000198364e-01
-7.205047458410263062e-02
-1.750811040401458740e-01
2.047540843486785889e-01
1.011181995272636414e-01
-1.706786155700683594e-01
-1.894150972366333008e-01
-8.639682829380035400e-02
-1.004689745604991913e-02
-2.989423274993896484e-02
-1.143627166748046875e-01
-1.088042110204696655e-01
-1.247634440660476685e-01
5.936024710536003113e-02
-5.726321041584014893e-02
-8.212099224328994751e-02
-1.440107673406600952e-01
-5.751341581344604492e-02
-3.469141945242881775e-02
-3.437080234289169312e-02
-5.997094884514808655e-02
-7.626945525407791138e-02
2.491101855412125587e-03
-1.208597347140312195e-01
-6.761777400970458984e-02
-7.828379422426223755e-02
-6.266334652900695801e-02
-1.751015931367874146e-01
